81.6000000000000
86.8800000000000
85.4400000000000
91.6800000000000
90.2400000000000
87.8400000000000
83.5200000000000
83.0400000000000
84.4800000000000
81.6000000000000
79.2000000000000
78.2400000000000
79.2000000000000
96
96.4800000000000
81.1200000000000
81.6000000000000
80.6400000000000
89.2800000000000
88.8000000000000
80.6400000000000
84.4800000000000
86.4000000000000
83.5200000000000
78.7200000000000
80.1600000000000
85.9200000000000
96.9600000000000
84.9600000000000
148.320000000000
69.1200000000000
71.5200000000000
52.3200000000000
12.4800000000000
78.2400000000000
73.4400000000000
72.4800000000000