73.9200000000000
73.9200000000000
75.3600000000000
75.3600000000000
75.3600000000000
74.4000000000000
73.9200000000000
68.6400000000000
12.4800000000000
63.8400000000000
50.4000000000000
22.0800000000000
71.5200000000000
71.5200000000000
71.0400000000000
38.8800000000000
31.6800000000000
24
33.1200000000000
29.7600000000000
31.2000000000000
35.5200000000000
27.3600000000000
34.5600000000000
96.4800000000000
25.4400000000000
28.3200000000000
22.0800000000000
14.8800000000000
54.2400000000000
22.0800000000000
18.2400000000000
94.0800000000000
37.9200000000000
12.9600000000000
140.640000000000
187.200000000000